rank wordform abs r
1 the 225300 29
2 and 157486 29
3 to 134478 29
4 of 126523 29
5 a 100200 29
6 I 91584 29
7 in 73439 29
8 was 63012 29
9 he 59158 29
10 that 55871 29
11 it 55915 29
12 his 47361 29
13 her 50679 29
14 you 46673 29
15 as 42859 29
16 had 40907 29
17 with 40496 29
18 for 38406 29
19 she 40263 29
20 not 34597 29
21 at 31552 29
22 but 30309 29
23 be 30651 29
24 my 31018 29
25 on 26766 29
26 have 26511 29
27 him 25339 29
28 is 24936 29
29 said 25367 29
30 me 25281 29
31 which 22503 29
32 by 20847 29
33 so 20510 29
34 this 20024 29
35 all 19709 29
36 from 17536 29
37 they 17164 29
38 no 16645 29
39 were 16598 29
40 if 15844 29
41 would 15819 29
42 or 14680 29
43 when 14491 29
44 what 14482 29
45 there 13501 29
46 been 13590 29
47 one 13277 29
48 could 12821 29
49 very 13095 29
50 an 12177 29
51 who 11758 29
52 them 11459 29
53 Mr 14720 27
54 we 11526 29
55 now 11253 29
56 more 11022 29
57 out 11226 29
58 do 11046 29
59 are 10604 29
60 up 10804 29
61 their 10884 29
62 your 10733 29
63 will 10572 29
64 little 9898 29
65 than 9468 29
66 then 9256 29
67 some 8924 29
68 into 8790 29
69 any 8921 29
70 well 7990 29
71 much 8007 29
72 about 7927 29
73 time 7636 29
74 know 7813 29
75 should 7659 29
76 man 7868 29
77 did 7666 29
78 like 7774 29
79 upon 8396 29
80 such 7587 29
81 never 7353 29
82 only 7098 29
83 good 7103 29
84 how 6943 29
85 before 6804 29
86 other 6667 29
87 see 6615 29
88 must 6756 29
89 am 6752 29
90 own 6358 29
91 come 6403 29
92 down 6501 29
93 say 6148 29
94 after 6031 29
95 think 6135 29
96 made 6046 29
97 might 6080 29
98 being 6133 29
99 Mrs 7610 25
100 again 5770 29
101 great 5864 29
102 two 5677 29
103 can 5573 29
104 go 5580 29
105 over 5417 29
106 too 5332 29
107 here 5401 29
108 came 5550 29
109 old 5569 29
110 thought 5053 29
111 himself 5098 29
112 where 4899 29
113 our 5278 29
114 may 4941 29
115 first 4793 29
116 way 4815 29
117 has 5044 29
118 though 4776 29
119 without 4570 29
120 went 4945 29
121 us 4611 29
122 away 4462 29
123 day 4385 29
124 make 4334 29
125 these 4372 29
126 young 4467 29
127 nothing 4271 29
128 long 4183 29
129 shall 4264 29
130 sir 4732 29
131 back 4312 29
132 don't 5158 27
133 house 4078 29
134 ever 3917 29
135 yet 3909 29
136 take 3824 29
137 every 4051 29
138 hand 3924 29
139 most 3968 29
140 last 3713 29
141 eyes 3813 29
142 its 3833 29
143 miss 5092 28
144 having 3621 29
145 off 3637 29
146 looked 3709 29
147 even 3651 29
148 while 3463 29
149 dear 3952 29
150 look 3518 29
151 many 3504 29
152 life 3447 29
153 still 3495 29
154 mind 3437 29
155 quite 3700 29
156 another 3388 29
157 those 3442 29
158 just 3456 29
159 head 3447 29
160 tell 3304 29
161 better 3240 29
162 always 3400 29
163 saw 3282 29
164 seemed 3346 29
165 put 3205 29
166 face 3375 29
167 let 3144 29
168 took 3177 29
169 poor 3182 29
170 place 3068 29
171 why 3178 29
172 done 3051 29
173 herself 3499 28
174 found 3057 29
175 through 3044 29
176 same 3043 29
177 going 3110 29
178 under 2968 29
179 enough 2959 29
180 soon 3093 29
181 home 3027 29
182 give 2921 29
183 indeed 3236 29
184 left 2864 29
185 get 3074 29
186 once 2870 29
187 mother 3571 27
188 heard 2738 29
189 myself 3080 29
190 rather 2755 29
191 love 2874 28
192 knew 2760 29
193 got 2913 29
194 lady 3400 27
195 room 2785 29
196 something 2754 29
197 yes 3049 28
198 thing 2897 29
199 father 2778 28
200 perhaps 2631 29
201 sure 2704 29
202 heart 2635 29
203 oh 2941 28
204 right 2632 29
205 against 2566 29
206 three 2633 29
207 men 2743 28
208 night 2582 29
209 people 2521 29
210 door 2616 29
211 told 2465 29
212 round 2616 29
213 because 2561 29
214 woman 2697 28
215 till 2622 29
216 felt 2589 29
217 between 2377 29
218 both 2413 29
219 side 2383 29
220 seen 2321 29
221 morning 2345 29
222 began 2413 29
223 whom 2460 29
224 however 2429 29
225 asked 2522 29
226 things 2482 29
227 part 2329 29
228 almost 2327 29
229 moment 2272 29
230 looking 2360 29
231 want 2213 29
232 far 2154 29
233 hands 2236 29
234 gone 2159 29
235 world 2146 29
236 few 2091 29
237 towards 2084 28
238 gave 2053 29
239 friend 2205 29
240 name 2088 29
241 best 2001 29
242 word 2002 29
243 turned 2045 29
244 kind 2012 29
245 cried 2248 29
246 since 1989 28
247 anything 2162 28
248 next 1942 29
249 find 1912 29
250 half 1941 29
251 hope 1987 29
252 called 1896 29
253 nor 2050 29
254 words 1921 29
255 hear 1908 29
256 brought 1899 29
257 set 1942 29
258 each 1925 29
259 replied 2295 29
260 wish 1970 29
261 voice 1919 29
262 whole 1897 29
263 together 1859 29
264 manner 1942 29
265 new 1889 29
266 believe 1863 29
267 course 1869 29
268 least 1831 29
269 years 1824 29
270 answered 2129 29
271 among 1818 29
272 stood 1930 29
273 sat 1903 29
274 speak 1773 29
275 leave 1740 29
276 work 1853 29
277 keep 1742 29
278 taken 1689 29
279 end 1698 29
280 less 1741 29
281 present 1764 29
282 family 1874 28
283 often 1711 29
284 wife 1797 29
285 whether 1644 29
286 master 2096 28
287 coming 1644 29
288 mean 1657 29
289 returned 1818 29
290 evening 1649 29
291 light 1678 28
292 money 1728 28
293 cannot 1691 29
294 whose 1615 29
295 boy 1924 29
296 days 1511 29
297 near 1529 29
298 matter 1512 29
299 suppose 1490 29
300 gentleman 1868 28
301 used 1495 29
302 says 1736 29
303 really 1600 29
304 rest 1458 28
305 business 1461 29
306 full 1424 29
307 help 1435 29
308 child 1495 29
309 sort 1489 29
310 passed 1449 29
311 lay 1510 29
312 small 1434 29
313 behind 1416 29
314 girl 1569 26
315 feel 1474 29
316 fire 1461 29
317 care 1348 29
318 alone 1368 29
319 open 1351 29
320 person 1465 29
321 call 1333 29
322 given 1352 29
323 I'll 1778 26
324 sometimes 1319 29
325 making 1322 29
326 short 1346 29
327 else 1369 29
328 large 1337 29
329 within 1338 29
330 chapter 1414 28
331 true 1306 29
332 country 1409 29
333 times 1277 29
334 ask 1271 29
335 answer 1284 29
336 air 1278 29
337 kept 1263 29
338 hour 1274 29
339 letter 1356 29
340 happy 1360 29
341 reason 1268 29
342 pretty 1266 29
343 husband 1418 27
344 certain 1246 28
345 others 1266 29
346 ought 1273 29
347 does 1293 29
348 known 1205 29
349 it's 2068 23
350 bed 1249 29
351 table 1231 28
352 that's 1578 26
353 ready 1161 29
354 read 1165 29
355 already 1177 29
356 pleasure 1225 29
357 either 1187 29
358 means 1178 29
359 spoke 1142 29
360 taking 1138 29
361 friends 1203 29
362 talk 1176 29
363 hard 1205 29
364 walked 1198 29
365 turn 1128 29
366 strong 1154 28
367 thus 1227 27
368 yourself 1157 29
369 high 1136 29
370 along 1248 29
371 above 1125 29
372 feeling 1240 29
373 glad 1123 29
374 children 1246 29
375 doubt 1143 29
376 nature 1172 27
377 themselves 1111 29
378 black 1233 28
379 hardly 1138 29
380 town 1174 28
381 sense 1126 29
382 saying 1090 29
383 deal 1130 29
384 account 1159 28
385 use 1103 29
386 white 1209 29
387 bad 1101 29
388 everything 1243 27
389 can't 1380 26
390 neither 1119 29
391 wanted 1158 29
392 mine 1104 29
393 close 1095 29
394 return 1101 28
395 dark 1207 29
396 fell 1095 29
397 subject 1136 28
398 bear 1028 28
399 appeared 1060 28
400 fear 1081 29
401 state 1049 29
402 thinking 1045 29
403 also 1101 29
404 point 1031 28
405 therefore 1332 27
406 fine 1059 29
407 case 1002 29
408 doing 1004 29
409 held 1024 29
410 certainly 1098 29
411 walk 1010 29
412 lost 975 29
413 question 1013 29
414 company 1049 28
415 continued 1076 29
416 fellow 1117 28
417 truth 1056 28
418 water 1133 29
419 possible 1024 29
420 hold 986 29
421 afraid 1003 29
422 bring 957 29
423 honour 1247 29
424 low 977 29
425 ground 1015 29
426 added 1006 29
427 five 970 29
428 remember 979 29
429 except 1004 29
430 power 1011 27
431 seeing 977 29
432 dead 1019 29
433 I'm 1464 24
434 usual 944 29
435 able 991 29
436 second 925 29
437 arms 1015 28
438 late 929 29
439 opinion 1051 29
440 window 1002 28
441 brother 1135 26
442 live 913 29
443 four 943 29
444 none 949 29
445 death 948 28
446 arm 961 29
447 road 968 28
448 hair 989 29
449 sister 1290 26
450 entered 960 27
451 sent 911 29
452 married 1040 25
453 longer 933 29
454 immediately 1028 28
455 god 1110 27
456 women 1031 26
457 hours 886 29
458 ten 901 29
459 understand 912 29
460 son 998 29
461 horse 1147 28
462 wonder 892 29
463 cold 931 29
464 beyond 908 28
465 please 881 29
466 fair 936 29
467 became 891 28
468 sight 881 29
469 met 883 29
470 afterwards 895 28
471 eye 917 29
472 year 889 29
473 show 892 28
474 general 923 29
475 itself 854 29
476 silence 883 29
477 lord 998 27
478 wrong 847 29
479 turning 846 29
480 daughter 1009 26
481 stay 836 29
482 forward 847 27
483 O 1125 25
484 interest 847 29
485 thoughts 869 28
486 followed 839 29
487 won't 1075 25
488 different 818 29
489 opened 826 29
490 several 940 29
491 idea 880 28
492 received 904 27
493 change 835 29
494 laid 818 29
495 strange 829 29
496 nobody 889 27
497 fact 853 29
498 during 856 28
499 feet 932 29
500 tears 806 29
501 run 838 29
502 purpose 824 29
503 character 866 27
504 body 896 29
505 ran 854 29
506 past 797 29
507 order 894 28
508 need 790 28
509 pleased 846 28
510 trouble 780 29
511 whatever 786 29
512 dinner 860 29
513 happened 808 29
514 sitting 802 29
515 getting 850 29
516 there's 1046 26
517 besides 808 29
518 soul 830 26
519 ill 774 28
520 early 767 27
521 rose 891 29
522 aunt 1411 20
523 hundred 831 29
524 minutes 831 29
525 across 848 29
526 carried 781 29
527 sit 755 29
528 observed 861 25
529 suddenly 832 29
530 creature 767 29
531 conversation 803 29
532 worse 737 29
533 six 758 29
534 quiet 760 29
535 chair 802 28
536 doctor 1125 25
537 tone 831 29
538 standing 771 29
539 living 754 28
540 sorry 770 29
541 stand 745 29
542 meet 717 29
543 instead 725 29
544 wished 788 27
545 ah 827 27
546 lived 729 28
547 try 751 29
548 red 867 29
549 smile 728 29
550 sound 749 29
551 expected 719 29
552 silent 727 29
553 common 711 29
554 meant 739 29
555 tried 751 29
556 until 1036 25
557 mouth 768 29
558 distance 712 29
559 occasion 791 26
560 cut 748 28
561 marry 827 22
562 likely 710 29
563 length 741 28
564 story 704 28
565 visit 754 29
566 deep 692 29
567 seems 674 29
568 street 870 26
569 remained 723 27
570 become 680 29
571 led 676 29
572 speaking 691 29
573 natural 679 29
574 giving 668 29
575 further 730 28
576 struck 675 29
577 week 695 29
578 loved 749 26
579 drew 689 29
580 seem 661 29
581 church 739 26
582 knows 660 29
583 object 725 24
584 ladies 878 23
585 marriage 814 22
586 book 670 29
587 appearance 677 27
588 pay 683 28
589 I've 1003 23
590 obliged 741 28
591 particular 656 29
592 pass 628 29
593 thank 663 28
594 form 700 26
595 knowing 678 29
596 lips 674 29
597 knowledge 671 28
598 former 691 25
599 blood 697 26
600 sake 638 27
601 fortune 764 26
602 necessary 680 25
603 presence 661 26
604 feelings 833 26
605 corner 695 29
606 beautiful 642 29
607 talking 654 29
608 spirit 613 27
609 ago 622 29
610 foot 659 29
611 circumstances 650 28
612 wind 699 29
613 presently 644 28
614 comes 627 29
615 attention 684 28
616 wait 600 29
617 play 662 29
618 easy 613 29
619 real 614 29
620 clear 623 29
621 worth 610 29
622 cause 610 29
623 send 591 29
624 spirits 674 26
625 chance 617 29
626 didn't 997 20
627 view 615 28
628 pleasant 624 29
629 party 695 29
630 beginning 615 29
631 horses 758 28
632 stopped 651 29
633 notice 589 29
634 duty 607 27
635 he's 895 22
636 age 588 29
637 figure 603 29
638 leaving 580 29
639 sleep 610 29
640 entirely 653 28
641 twenty 591 29
642 fall 583 28
643 promise 606 28
644 months 609 28
645 broken 590 29
646 heavy 623 29
647 secret 584 29
648 thousand 633 29
649 happiness 710 23
650 comfort 639 29
651 minute 610 29
652 act 571 29
653 human 616 28
654 fancy 578 29
655 strength 598 28
656 showed 601 26
657 pounds 608 29
658 nearly 603 29
659 probably 610 26
660 captain 1074 21
661 piece 576 29
662 school 838 25
663 write 575 29
664 laughed 628 29
665 reached 631 28
666 repeated 596 28
667 walking 581 29
668 father's 597 27
669 heaven 593 26
670 beauty 606 25
671 shook 567 29
672 sun 600 28
673 waiting 562 29
674 moved 563 28
675 bit 639 29
676 desire 597 25
677 news 573 28
678 front 611 29
679 effect 564 27
680 laugh 535 29
681 uncle 816 21
682 fit 538 29
683 miles 565 28
684 handsome 549 29
685 caught 548 29
686 hat 602 28
687 regard 608 26
688 gentlemen 624 26
689 supposed 541 27
690 easily 552 29
691 impossible 568 29
692 glass 569 29
693 resolved 634 25
694 grew 561 29
695 consider 554 29
696 green 587 28
697 considered 536 29
698 unless 554 29
699 stop 569 29
700 forth 608 26
701 expect 533 28
702 perfectly 600 28
703 altogether 516 29
704 surprise 557 29
705 sudden 514 29
706 free 524 29
707 exactly 546 29
708 grave 514 29
709 carriage 702 26
710 believed 541 29
711 service 536 26
712 angry 521 29
713 putting 524 29
714 carry 523 29
715 everybody 612 27
716 mentioned 582 25
717 looks 520 28
718 scarcely 594 27
719 society 553 26
720 affection 628 24
721 exclaimed 663 26
722 dress 525 28
723 die 528 28
724 earth 542 27
725 latter 565 25
726 garden 569 28
727 step 504 28
728 perfect 502 28
729 countenance 571 25
730 liked 556 28
731 dare 564 26
732 pain 514 27
733 companion 541 27
734 journey 501 29
735 paper 517 29
736 opportunity 531 28
737 makes 509 28
738 honest 552 28
739 arrived 543 26
740 you'll 744 24
741 bright 540 29
742 pity 493 28
743 directly 528 28
744 cry 530 28
745 trust 517 27
746 fast 518 29
747 ye 1051 25
748 warm 501 28
749 danger 524 28
750 trees 573 29
751 breakfast 505 28
752 rich 490 29
753 engaged 521 28
754 proper 554 29
755 talked 554 27
756 respect 504 27
757 fixed 478 29
758 hill 609 27
759 wall 554 26
760 determined 524 28
761 wild 525 29
762 shut 509 29
763 top 553 28
764 plain 481 28
765 scene 508 27
766 sweet 491 28
767 especially 529 27
768 public 523 25
769 acquaintance 569 26
770 forget 471 29
771 history 522 28
772 pale 505 29
773 pray 506 27
774 books 498 28
775 afternoon 529 28
776 man's 482 28
777 otherwise 460 29
778 mention 522 27
779 position 593 26
780 speech 472 29
781 gate 507 28
782 'em 660 22
783 boys 818 28
784 yours 468 29
785 drink 475 29
786 slowly 533 29
787 broke 461 29
788 clothes 494 28
789 fond 483 29
790 pride 475 27
791 watch 486 29
792 sooner 535 27
793 settled 484 29
794 paid 465 28
795 reply 500 27
796 tea 596 23
797 lie 484 29
798 running 482 29
799 died 454 28
800 gentle 461 28
801 particularly 488 27
802 allowed 463 28
803 outside 514 27
804 placed 483 28
805 joy 461 28
806 hearing 449 29
807 note 468 27
808 condition 498 25
809 follow 442 29
810 begin 470 29
811 neck 489 27
812 serious 464 27
813 hurt 477 29
814 kindness 490 28
815 mere 464 26
816 farther 521 27
817 changed 437 29
818 o'clock 504 29
819 passing 458 29
820 girls 539 25
821 force 447 26
822 situation 507 27
823 greater 493 25
824 expression 473 26
825 eat 488 29
826 reading 447 28
827 spoken 433 29
828 raised 447 29
829 anybody 495 24
830 started 449 29
831 following 436 26
832 although 705 25
833 sea 681 26
834 proud 458 28
835 future 452 25
836 quick 445 29
837 safe 435 29
838 temper 458 29
839 laughing 457 29
840 ears 451 27
841 difficulty 430 29
842 meaning 439 28
843 servant 459 27
844 sad 437 29
845 advantage 461 28
846 appear 453 27
847 offer 429 28
848 breath 467 29
849 opposite 443 29
850 number 429 29
851 miserable 418 29
852 law 445 27
853 rising 416 29
854 favour 474 26
855 save 453 29
856 twice 419 29
857 single 424 28
858 blue 471 28
859 noise 438 29
860 stone 467 27
861 mistress 566 23
862 surprised 469 27
863 allow 438 27
864 spot 482 28
865 burst 406 28
866 keeping 418 29
867 line 445 29
868 understood 412 29
869 court 541 25
870 finding 407 27
871 direction 469 29
872 anxious 460 27
873 pocket 450 28
874 around 524 28
875 conduct 470 26
876 loss 422 25
877 fresh 411 28
878 below 433 28
879 hall 541 27
880 satisfaction 467 24
881 land 503 29
882 telling 402 29
883 passion 464 28
884 floor 439 28
885 break 407 28
886 lying 448 27
887 waited 428 29
888 closed 435 28
889 meeting 445 25
890 trying 470 27
891 seat 413 28
892 king 677 26
893 confidence 445 27
894 offered 402 28
895 stranger 436 27
896 somebody 428 28
897 matters 426 27
898 noble 505 27
899 pardon 435 28
900 private 426 25
901 sharp 506 29
902 evil 434 26
903 weeks 421 28
904 justice 445 26
905 hot 429 29
906 cast 423 26
907 letters 434 27
908 youth 397 27
909 lives 396 29
910 health 399 28
911 finished 395 29
912 hoped 415 28
913 holding 402 29
914 touch 417 27
915 spite 424 29
916 delight 427 27
917 bound 415 28
918 consequence 431 25
919 rain 420 28
920 wouldn't 638 20
921 third 396 28
922 hung 427 28
923 ways 399 28
924 weather 407 27
925 written 395 28
926 difference 409 26
927 kitchen 453 27
928 she's 607 21
929 mother's 476 26
930 persons 472 26
931 quarter 386 28
932 promised 383 29
933 hopes 405 28
934 brown 493 27
935 nay 609 24
936 seven 385 29
937 simple 417 27
938 wood 484 29
939 beside 484 23
940 middle 410 29
941 ashamed 387 29
942 lose 369 29
943 dreadful 396 28
944 move 375 29
945 generally 412 27
946 cousin 567 21
947 surely 410 25
948 satisfied 432 26
949 bent 393 29
950 shoulder 426 27
951 art 497 27
952 field 430 29
953 quickly 433 28
954 thrown 374 28
955 tired 392 29
956 share 385 27
957 pair 397 28
958 to-morrow 419 25
959 aware 421 23
960 colour 371 28
961 writing 376 29
962 whenever 368 29
963 quietly 393 29
964 fool 395 27
965 forced 392 26
966 touched 364 28
967 smiling 379 28
968 taste 381 28
969 dog 456 26
970 spent 386 28
971 steps 379 28
972 worst 368 28
973 legs 436 25
974 watched 412 28
975 ay 487 24
976 thee 925 20
977 eight 380 28
978 worthy 405 25
979 wrote 386 28
980 manners 428 28
981 proceeded 402 25
982 frightened 389 28
983 somewhat 409 25
984 born 351 27
985 greatest 427 24
986 charge 368 26
987 degree 426 23
988 shame 349 28
989 places 362 28
990 ma'am 553 19
991 couldn't 592 20
992 tongue 359 29
993 according 385 26
994 box 419 27
995 wine 385 29
996 filled 364 28
997 servants 421 27
998 calling 342 29
999 fallen 345 29
1000 supper 368 27
